1681
7840
6354
9115
5723
6069
4870
5592
7022
9375
1627
2012
9193
7725
9452
39
5737
3810
5107
7250
7456
6606
9412
6586
6651
6754
7904
6098
2764
4293
2662
1285
770
1281
586
8514
54
3750
2377
3584
4202
4550
2771
7035
3387
4659
8794
1976
9603
4682
1418
7301
8262
562
7388
974
1352
2283
2905
1143
7330
553
2503
9770
5062
1636
5324
1187
8940
5475
459
4931
8647
5245
4562
4649
893
1445
3722
4239
1023
2409
8112
5538
8709
7341
2956
8844
6523
263
5829
6299
3053
1565
2062
2049
6563
3081
680
7100
3065
9432
846
9721
9801
6773
4058
7472
7652
9029
2046
7272
7291
9177
2902
3940
851
5453
1928
3717
8366
6485
4942
1342
9371
3914
1523
7927
1277
1707
8317
6277
6855
7978
9409
7366
3691
192
9972
6622
7938
9401
3058
6551
7674
6150
3891
5694
6564
8789
8697
8651
5750
1299
9477
2645
4553
92
5110
8873
6043
5893
6589
1755
67
6336
7500
3776
5902
7955
3500
7195
4764
4708
9529
7630
6033
8664
6080
4277
3787
5595
3686
2839
9392
3058
9365
1897
2280
6461
6223
8025
9040
1522
4625
1557
2929
7497
8032
2812
5834
7100
1948
9089
5601
8191
6761
1823
8357
9428
756
108
484
104
7702
3227
9593
1610
3115
8298
1872
5662
5542
7592
5108
2207
9634
9161
1674
7522
7578
493
2597
64
2040
9492
3259
6913
5617
839
7109
7156
6184
1591
2992
7485
8968
132
9673
786
2035
7682
5196
6034
6450
8621
61
4350
860
7543
744
5806
325
149
7874
992
5741
5363
1092
6441
823
25
7769
596
4826
9958
5934
5802
2335
5412
2887
1652
3363
1486
6804
846
342
6636
3063
1094
3822
1575
3815
2051
2832
4923
805
7635
6116
8643
6614
7240
9808
6841
3383
2053
2128
2995
6502
551
3653
9507
9601
2319
2286
4059
3486
912
3724
2339
7784
7404
4440
7763
3656
3160
4458
5309
1269
2053
2277
2977
5151
1105
2523
8913
5502
6566
1946
2801
8487
9584
414
7346
4888
4732
1799
8854
1061
8967
5053
3192
9138
3654
6585
3452
1202
2624
2756
4376
2481
7925
6826
3994
3918
3118
5107
5185
7251
7242
277
1855
3636
1884
1050
8779
4603
2267
3089
5583
5135
7831
5217
4049
9937
5102
4707
61
9030
3736
230
6965
342
6775
3699
41
8932
2476
9225
7784
9720
858
4020
9440
6922
5394
5574
8144
3006
6216
2012
5792
492
3382
3726
8215
2361
2790
2595
1237
5912
2359
5149
2732
113
3034
3352
3058
7375
557
3824
9333
5534
5884
3347
3519
8019
6122
359
6370
8363
8513
19
7755
9039
9058
10
9595
7551
4959
8454
108
5312
8358
8802
2540
4933
1566
5332
3377
6538
6574
916
1342
8642
6119
1656
5955
7056
5323
4092
5812
9304
2942
6996
1745
8147
2500
5560
2421
2526
9194
6314
8384
6365
7334
4213
3044
2437
5227
7788
3529
2609
6643
7632
1481
1062
3985
9618
5190
